1.0 0.0082
0.990342555915721 0.012020478152203494
0.9806378696838614 0.01570577818315482
0.9708902771544811 0.019267784354389333
0.9611041141776404 0.02271838092744239
0.9512837166033994 0.026069452163849347
0.941433420281818 0.029332882325145554
0.9315575610629562 0.03252055567286638
0.9216604747968742 0.03564435646854717
0.9117464973336321 0.03871616897372327
0.9018199645232897 0.04174787744993006
0.8918847759311069 0.04475014330617341
0.8819417747270524 0.04772506125211645
0.8719904972876765 0.05067106321651491
0.8620304750628511 0.05358656731925168
0.852061239502448 0.05646999168020966
0.8420823220563395 0.0593197544192717
0.832093254174397 0.06213427365632071
0.8220935673064924 0.06491196751123961
0.8120827929024976 0.06765125410391123
0.8020604624122848 0.07035055155421852
0.79202612021696 0.0730081040399777
0.7819794079547451 0.07562084750320583
0.7719200115238662 0.07818512253079583
0.7618476170460697 0.08069726670300666
0.7517619106431016 0.08315361760009722
0.7416625784367079 0.08555051280232652
0.7315493065486346 0.08788428988995341
0.7214217811006278 0.09015128644323687
0.7112796882144338 0.09234784004243585
0.7011227140117982 0.09447028826780926
0.6909507928027829 0.09651654023296902
0.6807652448547357 0.09849328096064375
0.67056787132057 0.10041024045053386
0.660360473828209 0.10227715171010926
0.6501448540055754 0.1041037477468399
0.6399228134805925 0.1058997615681957
0.629696153881183 0.10767492618164655
0.6194666768352702 0.10943897459466237
0.6092361839707768 0.11120163981471314
0.599006476363651 0.11297265133542635
0.5887785618013209 0.11475668862158028
0.5785510710266152 0.11654329900945845
0.5683221914385993 0.11831920753458183
0.5580901104363386 0.1200711392324715
0.5478530154188989 0.12178581913864837
0.5376090937853454 0.12344997228863351
0.5273565329347437 0.12505032371794794
0.5170935202661595 0.1265735984621127
0.5068182431786581 0.12800652155664874
0.49652891199524457 0.12933596094016836
0.486225075080515 0.1305571256255174
0.47590833354261813 0.13167802100381823
0.46558046261263547 0.13270773791250234
0.4552432375216483 0.13365536718900128
0.4448984335007381 0.13452999967074653
0.4345478257809864 0.13534072619516957
0.42419318959347424 0.13609663759970198
0.41383630016928336 0.13680682472177513
0.4034789327394948 0.13748037839882069
0.39312271420278055 0.13812577405513182
0.38276753087376736 0.13874426564336612
0.37241213835956294 0.1393324159481223
0.3620552730708792 0.13988670811048415
0.35169567141842767 0.14040362527153546
0.34133206981292014 0.14087965057236
0.33096320466506834 0.14131126715404155
0.3205878123855837 0.14169495815766392
0.3102046293851782 0.14202720672431085
0.29981239208066685 0.1423044959743251
0.2894109330027761 0.1425195842264858
0.27900423819090236 0.14265111539464642
0.26859727733558836 0.14267439076075636
0.25819502012737744 0.14256471160676515
0.24780243625681242 0.14229737921462215
0.23742449541443653 0.14184769486627696
0.22706616729079282 0.141190959843679
0.21673242157642428 0.14030247542877772
0.20642822796187393 0.13915754290352256
0.19615853036251657 0.13773189175672826
0.18592710133207188 0.13602071148976544
0.1757360858465811 0.13404623080401754
0.16558750875784337 0.13183267404349658
0.1554833949176581 0.1294042655522147
0.14542600885781204 0.12678427321234315
0.13542448028222256 0.12396856889669436
0.1254956518885399 0.12092224516993746
0.11565677633980093 0.11760875859761875
0.10592510629904302 0.11399156574528466
0.0963182914755807 0.11003416491664625
0.08687088699671876 0.10570183154105364
0.07764029929278933 0.10096224321481469
0.06867994239032182 0.09578479413688713
0.05998700231566279 0.09015436950057831
0.05152625753815917 0.084064782885066
0.04328561697740346 0.07751623529035413
0.035417654549901076 0.07055289264416424
0.028145306994391214 0.06323770748006283
0.021651640050492343 0.05562137237529724
0.015316610232999893 0.047507845710909116
0.007976196086662456 0.03852171601481401
0.0014338082430208313 0.029013623759441852
-0.0001817371678965833 0.019904525007520178
0.005929700399622161 0.012167565694879584
0.015731713317060254 0.0069405529876125
0.025599435702437858 0.004166953317089945
0.03574045588335387 0.0022546335781125984
0.04609800597074723 0.0009339575229916255
0.05649425126073477 0.00023507145706155988
0.06686606390201667 1.3972985061140548e-05
0.07723294161955062 1.6005500748920446e-06
0.0876084611788088 5.302544261306313e-06
0.0979896413553254 1.68242919128372e-06
0.10837172828326448 -7.65852629872209e-06
0.11875257196431468 2.070099398926263e-06
0.12913116878716607 6.586805807587339e-05
0.13950652011943365 0.00021877944212738055
0.14987762732873322 0.0004958483439487198
0.16024373965459843 0.0009225167963211626
0.1706051335613096 0.0014844342112672322
0.1809623515732862 0.0021569433661152632
0.19131593621536963 0.0029153870218358436
0.20166643020694613 0.0037351131940708588
0.21201444842005074 0.0045934187552839865
0.22236078546463794 0.005472455333400515
0.23270626347089302 0.006355117883022389
0.24305170456900085 0.007224301358751533
0.2533979308891472 0.00806290071518993
0.26374576456151694 0.008853810906939503
0.2740960277162952 0.009579926888602196
0.28444954248366733 0.010224143614779961
0.2948071309938181 0.01076935604007472
0.3051695847248763 0.011199097066670894
0.31553698621582116 0.011511654430857042
0.32590870686963375 0.011720116425073533
0.33628408699786716 0.011838218433780155
0.34666246691207425 0.011879695841436699
0.3570431869238084 0.011858284032502948
0.3674255873446223 0.01178771839143869
0.3778090084860691 0.01168173430270371
0.3881927906597017 0.011554067150757793
0.3985762741770729 0.01141845232006073
0.4089588524971915 0.011286247472252953
0.4193402412827198 0.011154395449327193
0.42972027697605314 0.011014435622399463
0.4400987962328601 0.01085789782112071
0.450475635708809 0.010676311875141882
0.4608506320595688 0.010461207614113914
0.47122362194080775 0.010204114867687755
0.48159444200819446 0.009896563465514346
0.49196292891739757 0.009530083237244635
0.5023289206635692 0.009096246808826402
0.5126924667840688 0.008593385546040241
0.5230540573902287 0.008033907082956634
0.5334142376240275 0.007431977274048234
0.5437735526274443 0.006801761973787681
0.5541325475424578 0.006157427036647619
0.5644917675110465 0.005513138317100706
0.5748517576751899 0.004883061669619554
0.5852130631768666 0.004281362948676825
0.5955762291580555 0.003722208008745156
0.6059417750730914 0.003219145261346739
0.6163097920377508 0.002775427326580523
0.6266800173861371 0.0023858031252005064
0.6370521778472387 0.0020447666673415288
0.647426000150044 0.0017468119631384215
0.6578012110235418 0.001486433022726016
0.6681775371967202 0.0012581238562391463
0.6785547053985683 0.0010563784738126343
0.6889324423580747 0.0008756908855813145
0.6993104748042274 0.0007105551016800198
0.709688562493912 0.0005565557629396673
0.7200666265179662 0.00041460499935345524
0.7304446371535617 0.00028723914742327336
0.7408225646897749 0.00017699493679338232
0.7512003794156829 8.640909710803963e-05
0.7615780516203622 1.8018358011502513e-05
0.7719555515928893 -2.5640550851970868e-05
0.782332849622342 -4.2030899838124995e-05
0.7927099159977963 -2.8615959302701413e-05
0.803086721426326 1.7118381780326226e-05
0.813463269628509 9.58998098303451e-05
0.8238396206690979 0.00020540711895216816
0.8342158401191593 0.0003430211459244804
0.8445919935497599 0.0005061227275259597
0.8549681465319666 0.0006920927005352863
0.8653443646368457 0.0008983119017311405
0.8757207134354643 0.0011221611678921964
0.8860972584988889 0.0013610213357971453
0.8964740653981865 0.0016122732422246618
0.9068511132064153 0.001874565015335786
0.9172273515518073 0.0021616272872995003
0.9276010543743032 0.002497090270239317
0.9379704838228234 0.0029047569277487134
0.9483339020462884 0.0034084302234211454
0.9586895711936186 0.004031913120850075
0.9690357534137344 0.004799008583628967
0.9793707108555564 0.005733519575351281
0.9896927056680046 0.006859249059610456
1.0 0.0082