-5	0.138	0.00699	-0.108
-4.9	0.151	0.00777	-0.109
-4.8	0.163	0.00694	-0.11
-4.7	0.175	0.00697	-0.111
-4.6	0.188	0.00697	-0.112
-4.5	0.2	0.00785	-0.113
-4.4	0.212	0.00742	-0.114
-4.3	0.225	0.00745	-0.116
-4.2	0.237	0.00701	-0.117
-4.1	0.25	0.00702	-0.118
-4	0.262	0.00693	-0.119
-3.9	0.275	0.00694	-0.12
-3.8	0.287	0.00695	-0.122
-3.7	0.3	0.00696	-0.123
-3.6	0.312	0.00697	-0.124
-3.5	0.325	0.00688	-0.126
-3.4	0.337	0.00689	-0.127
-3.3	0.35	0.0069	-0.128
-3.2	0.362	0.00691	-0.13
-3.1	0.375	0.00697	-0.131
-3	0.387	0.007	-0.133
-2.9	0.4	0.00758	-0.134
-2.8	0.413	0.00761	-0.135
-2.7	0.425	0.00667	-0.137
-2.6	0.438	0.0063	-0.139
-2.5	0.451	0.00632	-0.14
-2.4	0.463	0.00676	-0.142
-2.3	0.475	0.00675	-0.143
-2.2	0.488	0.00673	-0.145
-2.1	0.5	0.00777	-0.147
-2	0.513	0.00677	-0.148
-1.9	0.525	0.00787	-0.15
-1.8	0.538	0.00794	-0.152
-1.7	0.55	0.00795	-0.153
-1.6	0.563	0.00689	-0.155
-1.5	0.575	0.00697	-0.157
-1.4	0.588	0.00693	-0.159
-1.3	0.6	0.00695	-0.16
-1.2	0.613	0.00657	-0.162
-1.1	0.625	0.00659	-0.164
-1	0.637	0.00697	-0.166
-0.9	0.65	0.00662	-0.168
-0.8	0.663	0.00664	-0.17
-0.7	0.675	0.00664	-0.172
-0.6	0.687	0.00701	-0.174
-0.5	0.7	0.007	-0.176
-0.4	0.712	0.00701	-0.178
-0.3	0.725	0.00668	-0.18
-0.2	0.737	0.00705	-0.182
-0.1	0.75	0.00672	-0.184
0	0.767	0.00703	-0.186
0.1	0.78	0.00672	-0.188
0.2	0.792	0.00673	-0.191
0.3	0.805	0.00674	-0.193
0.4	0.817	0.00674	-0.195
0.5	0.83	0.00707	-0.197
0.6	0.842	0.00709	-0.199
0.7	0.855	0.0068	-0.202
0.8	0.867	0.00686	-0.204
0.9	0.88	0.00692	-0.206
1	0.893	0.00693	-0.209
1.1	0.905	0.00726	-0.211
1.2	0.918	0.00697	-0.213
1.3	0.93	0.00698	-0.216
1.4	0.943	0.007	-0.218
1.5	0.955	0.00731	-0.221
1.6	0.968	0.00708	-0.223
1.7	0.98	0.00792	-0.226
1.8	0.993	0.0071	-0.228
1.9	1.005	0.00769	-0.231
2	1.018	0.00764	-0.233
2.1	1.03	0.00975	-0.236
2.2	1.043	0.00808	-0.238
2.3	1.055	0.00796	-0.241
2.4	1.068	0.00801	-0.244
2.5	1.08	0.00749	-0.246
2.6	1.093	0.00764	-0.249
2.7	1.105	0.00808	-0.252
2.8	1.118	0.01002	-0.254
2.9	1.13	0.00796	-0.257
3	1.143	0.00843	-0.26
3.1	1.155	0.00857	-0.263
3.2	1.168	0.00841	-0.265
3.3	1.18	0.00882	-0.268
3.4	1.193	0.01052	-0.271
3.5	1.205	0.01071	-0.274
3.6	1.218	0.00908	-0.277
3.7	1.23	0.00921	-0.28
3.8	1.243	0.0091	-0.283
3.9	1.255	0.00844	-0.286
4	1.267	0.0086	-0.289
4.1	1.28	0.00877	-0.292
4.2	1.292	0.00891	-0.295
4.3	1.304	0.00902	-0.298
4.4	1.317	0.00917	-0.301
4.5	1.329	0.0093	-0.304
4.6	1.341	0.00932	-0.307
4.7	1.353	0.00889	-0.31
4.8	1.366	0.009	-0.313
4.9	1.378	0.00904	-0.316
5	1.39	0.00922	-0.32
5.1	1.402	0.00944	-0.323
5.2	1.415	0.00935	-0.326
5.3	1.427	0.00966	-0.329
5.4	1.439	0.00959	-0.333
5.5	1.451	0.00973	-0.336
5.6	1.463	0.00967	-0.339
5.7	1.475	0.00965	-0.343
5.8	1.487	0.00996	-0.346
5.9	1.499	0.01021	-0.349
6	1.511	0.01029	-0.352
6.1	1.524	0.01035	-0.356
6.2	1.536	0.01066	-0.359
6.3	1.548	0.01066	-0.363
6.4	1.56	0.01076	-0.366
6.5	1.572	0.01094	-0.37
6.6	1.583	0.01021	-0.373
6.7	1.595	0.01068	-0.377
6.8	1.607	0.01069	-0.38
6.9	1.619	0.01078	-0.384
7	1.631	0.01021	-0.387
7.1	1.642	0.01118	-0.391
7.2	1.654	0.01133	-0.395
7.3	1.666	0.01148	-0.398
7.4	1.677	0.01101	-0.402
7.5	1.689	0.01182	-0.406
7.6	1.701	0.01207	-0.409
7.7	1.712	0.01142	-0.413
7.8	1.724	0.01156	-0.417
7.9	1.735	0.01549	-0.421
8	1.747	0.0127	-0.424
8.1	1.758	0.01229	-0.427
8.2	1.77	0.01235	-0.431
8.3	1.781	0.01321	-0.436
8.4	1.792	0.01247	-0.439
8.5	1.804	0.01258	-0.443
8.6	1.815	0.01269	-0.446
8.7	1.826	0.01544	-0.45
8.8	1.838	0.01558	-0.454
8.9	1.849	0.01601	-0.458
9	1.86	0.01598	-0.462
9.1	1.871	0.01611	-0.466
9.2	1.882	0.01638	-0.47
9.3	1.855	0.02004	-0.465
9.4	1.865	0.02033	-0.469
9.5	1.874	0.02052	-0.472
9.6	1.884	0.0208	-0.476
9.7	1.894	0.02114	-0.48
9.8	1.902	0.02131	-0.483
9.9	1.912	0.02166	-0.487
10	1.921	0.02195	-0.491
10.1	1.929	0.02219	-0.495
10.2	1.935	0.02257	-0.498
10.3	1.94	0.02283	-0.502
10.4	1.945	0.02311	-0.506
10.5	1.95	0.02352	-0.51
10.6	1.954	0.02379	-0.513
10.7	1.958	0.02423	-0.517
10.8	1.961	0.02452	-0.521
10.9	1.964	0.02481	-0.525
11	1.967	0.02521	-0.529
11.1	1.962	0.02723	-0.531
11.2	1.973	0.02564	-0.537
11.3	1.974	0.02599	-0.54
11.4	1.975	0.0265	-0.544
11.5	1.975	0.02688	-0.548
11.6	1.975	0.02725	-0.552
11.7	1.976	0.02751	-0.556
11.8	1.975	0.02808	-0.56
11.9	1.974	0.02851	-0.563
12	1.972	0.02897	-0.567
12.1	1.969	0.02947	-0.571
12.2	1.966	0.02999	-0.575
12.3	1.963	0.03045	-0.578
12.4	1.958	0.03101	-0.582
12.5	1.954	0.03159	-0.586
12.6	1.949	0.03226	-0.589
12.7	1.943	0.03289	-0.593
12.8	1.937	0.03349	-0.596
12.9	1.929	0.03397	-0.6
13	1.922	0.03467	-0.603
13.1	1.915	0.03494	-0.607
13.2	1.906	0.03561	-0.611
13.3	1.897	0.03637	-0.615
13.4	1.886	0.03699	-0.618
13.5	1.876	0.03774	-0.622
13.6	1.865	0.03859	-0.626
13.7	1.853	0.03934	-0.63
13.8	1.841	0.04007	-0.634
13.9	1.826	0.04099	-0.637
14	1.81	0.04211	-0.639
14.1	1.793	0.04327	-0.642
14.2	1.777	0.04446	-0.644
14.3	1.758	0.04573	-0.647
14.4	1.74	0.04701	-0.649
14.5	1.721	0.04834	-0.652
14.6	1.701	0.04964	-0.654
14.7	1.681	0.05117	-0.657
14.8	1.661	0.05204	-0.66
14.9	1.643	0.05328	-0.664
15	1.623	0.05407	-0.668
15.1	1.603	0.05554	-0.672
15.2	1.577	0.06006	-0.672
15.3	1.56	0.0574	-0.679
15.4	1.534	0.05983	-0.681
15.5	1.51	0.06085	-0.685
15.6	1.487	0.06161	-0.689
15.7	1.464	0.06253	-0.693
15.8	1.439	0.06256	-0.698
15.9	1.414	0.06411	-0.702
16	1.386	0.06532	-0.705
16.1	1.358	0.06637	-0.709
16.2	1.329	0.06771	-0.712
16.3	1.3	0.0697	-0.716
16.4	1.27	0.07127	-0.72
16.5	1.239	0.07262	-0.723
16.6	1.206	0.07442	-0.727
16.7	1.173	0.07601	-0.73
16.8	1.138	0.07734	-0.733
16.9	1.103	0.07932	-0.736
17	1.065	0.08225	-0.738
17.1	1.026	0.08518	-0.739
17.2	0.984	0.08876	-0.738
17.3	0.941	0.09305	-0.737
17.4	0.894	0.09879	-0.733
17.5	0.776	0.15229	-0.547
17.6	0.736	0.15665	-0.55
17.7	0.691	0.16084	-0.553
17.8	0.643	0.16258	-0.556
17.9	0.589	0.16851	-0.56
18	0.522	0.17951	-0.564
18.1	0.459	0.10423	-0.764
18.2	0.313	0.10256	-0.773
18.3	0.314	0.10498	-0.775
18.4	0.315	0.10734	-0.779
18.5	0.316	0.10918	-0.782
18.6	0.317	0.10959	-0.785
18.7	0.318	0.1109	-0.791
18.8	0.319	0.11396	-0.794
18.9	0.32	0.11436	-0.797
19	0.321	0.11697	-0.8
19.1	0.322	0.11903	-0.804
19.2	0.323	0.1213	-0.807
19.3	0.324	0.12272	-0.812
19.4	0.325	0.12487	-0.817
19.5	0.326	0.1254	-0.82
19.6	0.327	0.12769	-0.823
19.7	0.328	0.13007	-0.827
19.8	0.329	0.13254	-0.831
19.9	0.33	0.13321	-0.834
20	0.331	0.13576	-0.838