  -5.000  -0.5946   0.00652   0.00207  -0.0016  0.8266  0.0557  -2.1341   0.0000   0.0000   0.0000   0.2412
  -4.500  -0.5352   0.00632   0.00182  -0.0012  0.7853  0.0685  -1.8469   0.0000   0.0000   0.0000   0.2420
  -4.000  -0.4759   0.00610   0.00158  -0.0008  0.7424  0.0905  -1.5793   0.0000   0.0000   0.0000   0.2428
  -3.500  -0.4164   0.00592   0.00138  -0.0006  0.6985  0.1142  -1.3545   0.0000   0.0000   0.0000   0.2434
  -3.000  -0.3572   0.00571   0.00119  -0.0003  0.6539  0.1480  -1.1502   0.0000   0.0000   0.0000   0.2440
  -2.500  -0.2978   0.00556   0.00105  -0.0002  0.6096  0.1815  -0.9728   0.0000   0.0000   0.0000   0.2445
  -2.000  -0.2384   0.00541   0.00093  -0.0001  0.5674  0.2220  -0.8236   0.0000   0.0000   0.0000   0.2450
  -1.500  -0.1789   0.00528   0.00083  -0.0000  0.5253  0.2655  -0.6986   0.0000   0.0000   0.0000   0.2454
  -1.000  -0.1193   0.00519   0.00076   0.0000  0.4825  0.3097  -0.5943   0.0000   0.0000   0.0000   0.2456
  -0.500  -0.0597   0.00515   0.00072   0.0000  0.4382  0.3520  -0.5087   0.0000   0.0000   0.0000   0.2457
   0.000  -0.0000   0.00514   0.00072  -0.0000  0.3934  0.3934  -0.4375   0.0000   0.0000   0.0000  -0.0585
   0.500   0.0597   0.00515   0.00072  -0.0000  0.3520  0.4382  -0.5087   0.0000   0.0000   0.0000   0.2457
   1.000   0.1193   0.00519   0.00076  -0.0000  0.3097  0.4825  -0.5943   0.0000   0.0000   0.0000   0.2456
   1.500   0.1789   0.00528   0.00083   0.0000  0.2656  0.5253  -0.6986   0.0000   0.0000   0.0000   0.2454
   2.000   0.2384   0.00541   0.00093   0.0001  0.2220  0.5674  -0.8236   0.0000   0.0000   0.0000   0.2450
   2.500   0.2978   0.00556   0.00105   0.0002  0.1815  0.6096  -0.9728   0.0000   0.0000   0.0000   0.2446
   3.000   0.3572   0.00571   0.00119   0.0003  0.1480  0.6539  -1.1502   0.0000   0.0000   0.0000   0.2440
   3.500   0.4164   0.00592   0.00138   0.0006  0.1142  0.6985  -1.3545   0.0000   0.0000   0.0000   0.2434
   4.000   0.4759   0.00610   0.00158   0.0008  0.0905  0.7424  -1.5793   0.0000   0.0000   0.0000   0.2428
   4.500   0.5352   0.00632   0.00182   0.0012  0.0685  0.7852  -1.8469   0.0000   0.0000   0.0000   0.2420
   5.000   0.5947   0.00652   0.00207   0.0016  0.0557  0.8266  -2.1341   0.0000   0.0000   0.0000   0.2412
   5.500   0.6538   0.00677   0.00236   0.0021  0.0439  0.8642  -2.4378   0.0000   0.0000   0.0000   0.2402
   6.000   0.7130   0.00703   0.00266   0.0027  0.0359  0.8970  -2.8072   0.0000   0.0000   0.0000   0.2391
   6.500   0.7717   0.00735   0.00302   0.0036  0.0283  0.9248  -3.1949   0.0000   0.0000   0.0000   0.2379
   7.000   0.8303   0.00765   0.00336   0.0046  0.0257  0.9477  -3.6076   0.0000   0.0000   0.0000   0.2365
   7.500   0.8874   0.00805   0.00378   0.0059  0.0208  0.9664  -4.0348   0.0000   0.0000   0.0000   0.2348
   8.000   0.9445   0.00842   0.00418   0.0074  0.0191  0.9811  -4.4896   0.0000   0.0000   0.0000   0.2331
   8.500   1.0039   0.00896   0.00471   0.0084  0.0153  0.9913  -5.0258   0.0000   0.0000   0.0000   0.2320
   9.000   1.0696   0.00945   0.00523   0.0082  0.0144  0.9960  -5.6472   0.0000   0.0000   0.0000   0.2320
   9.500   1.1378   0.00999   0.00579   0.0076  0.0135  0.9980  -6.3247   0.0000   0.0000   0.0000   0.2324
  10.000   1.2051   0.01072   0.00653   0.0071  0.0114  0.9994  -7.0325   0.0000   0.0000   0.0000   0.2323
  10.500   1.2618   0.01154   0.00743   0.0090  0.0096  1.0000  -7.6962   0.0000   0.0000   0.0000   0.2304
  11.000   1.3106   0.01229   0.00827   0.0125  0.0093  1.0000  -8.3613   0.0000   0.0000   0.0000   0.2271
  11.500   1.3637   0.01303   0.00907   0.0153  0.0092  1.0000  -9.1039   0.0000   0.0000   0.0000   0.2246
  12.000   1.4172   0.01383   0.00995   0.0181  0.0089  1.0000  -9.8902   0.0000   0.0000   0.0000   0.2222
  12.500   1.4694   0.01474   0.01094   0.0210  0.0083  1.0000  -10.7082   0.0000   0.0000   0.0000   0.2197
  13.000   1.5178   0.01589   0.01219   0.0245  0.0075  1.0000  -11.5192   0.0000   0.0000   0.0000   0.2169
  13.500   1.5608   0.01729   0.01371   0.0287  0.0069  1.0000  -12.3054   0.0000   0.0000   0.0000   0.2136
  14.000   1.5898   0.01896   0.01556   0.0346  0.0065  1.0000  -12.9870   0.0000   0.0000   0.0000   0.2092
  14.500   1.6082   0.02124   0.01805   0.0408  0.0062  1.0000  -13.5760   0.0000   0.0000   0.0000   0.2046
  15.000   1.6174   0.02451   0.02156   0.0458  0.0061  1.0000  -14.1509   0.0000   0.0000   0.0000   0.2005
  15.500   1.6154   0.02936   0.02667   0.0487  0.0059  1.0000  -14.6083   0.0000   0.0000   0.0000   0.1974
  16.000   1.6009   0.03659   0.03417   0.0481  0.0059  1.0000  -14.8895   0.0000   0.0000   0.0000   0.1962
  16.500   1.5704   0.04682   0.04466   0.0438  0.0058  1.0000  -14.9283   0.0000   0.0000   0.0000   0.1970
  17.000   1.5220   0.06019   0.05825   0.0364  0.0057  1.0000  -14.6793   0.0000   0.0000   0.0000   0.1997
  17.500   1.4555   0.07630   0.07456   0.0272  0.0057  1.0000  -14.1309   0.0000   0.0000   0.0000   0.2038
  18.000   1.3759   0.09458   0.09300   0.0167  0.0057  1.0000  -13.3274   0.0000   0.0000   0.0000   0.2094
  18.500   1.2894   0.11458   0.11314   0.0048  0.0057  1.0000  -12.3354   0.0000   0.0000   0.0000   0.2170
  19.000   1.2032   0.13576   0.13445  -0.0085  0.0057  1.0000  -11.2200   0.0000   0.0000   0.0000   0.2271
  19.500   1.1289   0.15627   0.15508  -0.0216  0.0057  1.0000  -10.1540   0.0000   0.0000   0.0000   0.2387
  20.000   1.0691   0.17650   0.17541  -0.0348  0.0056  1.0000  -9.1530   0.0000   0.0000   0.0000   0.2519
