-35.0051     5.0218    -7.266    0.660553    0.000000    0.182890   -0.491638   -0.086892     0.0000    0.0000    0.3743    0.0000
  -34.7660     5.0731    -7.067    0.875576    0.000000    0.161483   -0.610682   -0.068938     0.0000    0.0000    0.3173    5.8832
  -34.2894     5.1752    -6.759    1.137713    0.000000    0.154689   -0.760922   -0.067798     0.0000    0.0000    0.2973   64.6073
  -33.5786     5.3275    -6.228    1.377072    0.000000    0.157865   -0.890814   -0.074804     0.0000    0.0000    0.2919   306.3435
  -32.6383     5.5290    -5.611    1.574538    0.000000    0.157473   -0.983698   -0.084028     0.0000    0.0000    0.2908   979.3269
  -31.4752     5.7783    -5.017    1.727506    0.000000    0.152412   -1.037682   -0.092589     0.0000    0.0000    0.2911   2472.5321
  -30.0970     6.0736    -4.516    1.840220    0.000000    0.145209   -1.057834   -0.099396     0.0000    0.0000    0.2915   5326.1431
  -28.5132     6.4130    -4.136    1.919380    0.000000    0.138266   -1.051797   -0.104350     0.0000    0.0000    0.2918   10231.6910
  -26.7347     6.7941    -3.878    1.971796    0.000000    0.132990   -1.027192   -0.107743     0.0000    0.0000    0.2921   18023.6255
  -24.7735     7.2143    -3.731    2.003326    0.000000    0.129926   -0.990431   -0.109937     0.0000    0.0000    0.2924   29663.1803
  -22.6431     7.6709    -3.679    2.018582    0.000000    0.129104   -0.946413   -0.111237     0.0000    0.0000    0.2926   46214.6119
  -20.3581     8.1605    -3.707    2.020985    0.000000    0.130314   -0.898644   -0.111865     0.0000    0.0000    0.2928   68813.5777
  -17.9339     8.6800    -3.803    2.012946    0.000000    0.133266   -0.849495   -0.111969     0.0000    0.0000    0.2931   98627.5448
  -15.3873     9.2257    -3.957    1.996059    0.000000    0.137673   -0.800475   -0.111637     0.0000    0.0000    0.2934   136808.5362
  -12.7355     9.7939    -4.164    1.971249    0.000000    0.143282   -0.752454   -0.110913     0.0000    0.0000    0.2937   184439.0840
   -9.9968    10.3808    -4.422    1.938869    0.000000    0.149892   -0.705841   -0.109807     0.0000    0.0000    0.2941   242472.8641
   -7.1897    10.9823    -4.733    1.898723    0.000000    0.157399   -0.660698   -0.108306     0.0000    0.0000    0.2945   311672.0274
   -4.3336    11.5944    -5.112    1.849950    0.000000    0.165977   -0.616810   -0.106388     0.0000    0.0000    0.2949   392543.5775
   -1.4478    12.2127    -5.623    1.790685    0.000000    0.179254   -0.573940   -0.104296     0.0000    0.0000    0.2956   485276.9421
    1.4478    12.2127    -5.623    1.790685    0.000000    0.179254   -0.573940   -0.104296     0.0000    0.0000    0.2956   485276.3623
    4.3336    11.5944    -5.112    1.849950    0.000000    0.165977   -0.616810   -0.106388     0.0000    0.0000    0.2949   392543.0204
    7.1897    10.9823    -4.733    1.898723    0.000000    0.157399   -0.660698   -0.108306     0.0000    0.0000    0.2945   311671.5103
    9.9968    10.3808    -4.422    1.938869    0.000000    0.149892   -0.705841   -0.109807     0.0000    0.0000    0.2941   242472.3987
   12.7355     9.7939    -4.164    1.971249    0.000000    0.143282   -0.752454   -0.110913     0.0000    0.0000    0.2937   184438.6775
   15.3873     9.2257    -3.957    1.996059    0.000000    0.137673   -0.800475   -0.111637     0.0000    0.0000    0.2934   136808.1915
   17.9339     8.6800    -3.803    2.012946    0.000000    0.133266   -0.849495   -0.111969     0.0000    0.0000    0.2931   98627.2613
   20.3581     8.1605    -3.707    2.020985    0.000000    0.130314   -0.898644   -0.111865     0.0000    0.0000    0.2928   68813.3520
   22.6431     7.6709    -3.679    2.018582    0.000000    0.129104   -0.946413   -0.111237     0.0000    0.0000    0.2926   46214.4386
   24.7735     7.2143    -3.731    2.003326    0.000000    0.129926   -0.990431   -0.109937     0.0000    0.0000    0.2924   29663.0525
   26.7347     6.7941    -3.878    1.971796    0.000000    0.132990   -1.027192   -0.107743     0.0000    0.0000    0.2921   18023.5358
   28.5132     6.4130    -4.136    1.919380    0.000000    0.138266   -1.051797   -0.104350     0.0000    0.0000    0.2918   10231.6315
   30.0970     6.0736    -4.516    1.840220    0.000000    0.145209   -1.057834   -0.099396     0.0000    0.0000    0.2915   5326.1065
   31.4752     5.7783    -5.017    1.727506    0.000000    0.152412   -1.037682   -0.092589     0.0000    0.0000    0.2911   2472.5117
   32.6383     5.5290    -5.611    1.574538    0.000000    0.157473   -0.983698   -0.084028     0.0000    0.0000    0.2908   979.3169
   33.5786     5.3275    -6.228    1.377072    0.000000    0.157865   -0.890814   -0.074804     0.0000    0.0000    0.2919   306.3395
   34.2894     5.1752    -6.759    1.137713    0.000000    0.154689   -0.760922   -0.067798     0.0000    0.0000    0.2973   64.6060
   34.7660     5.0731    -7.067    0.875576    0.000000    0.161483   -0.610682   -0.068938     0.0000    0.0000    0.3173    5.8830
   35.0051     5.0218    -7.266    0.660553    0.000000    0.182890   -0.491638   -0.086892     0.0000    0.0000    0.3743    0.0000

